0.377 0.000
0.377 -0.054
0.377 -0.048
0.376 -0.013
0.376 -0.044
0.376 -0.018
0.375 -0.036
0.375 -0.089
0.375 0.011
0.375 -0.031
0.374 -0.024
0.374 -0.013
0.374 -0.001
0.373 0.008
0.373 -0.041
0.373 -0.033
0.372 -0.044
0.372 -0.042
0.372 -0.017
0.371 -0.080
0.371 0.012
0.371 0.011
0.370 0.010
0.370 -0.014
0.370 -0.030
0.369 -0.013
0.369 0.008
0.369 -0.081
0.368 -0.037
0.368 -0.031
0.368 -0.040
0.367 0.024
0.367 0.010
0.367 0.002
0.366 0.008
0.366 -0.026
0.366 -0.042
0.365 -0.015
0.365 -0.042
0.365 -0.038
0.364 -0.041
0.364 -0.088
0.363 0.001
0.363 0.012
0.363 -0.018
0.362 -0.057
0.362 -0.058
0.362 -0.046
0.361 0.002
0.361 -0.043
0.361 -0.060
0.360 -0.033
0.360 -0.022
0.359 -0.063
0.359 -0.025
0.359 0.008
0.358 -0.048
0.358 -0.013
0.357 -0.071
0.357 -0.035
0.357 -0.020
0.356 -0.097
0.356 -0.048
0.355 -0.041
0.355 -0.025
0.355 -0.003
0.354 -0.104
0.354 -0.036
0.353 -0.052
0.353 -0.032
0.353 -0.030
0.352 -0.032
0.352 -0.096
0.351 -0.006
0.351 -0.025
0.350 -0.012
0.350 -0.081
0.350 -0.003
0.349 -0.042
0.349 -0.013
0.348 -0.047
0.348 -0.091
0.347 -0.060
0.347 0.010
0.346 -0.046
0.346 -0.081
0.345 -0.043
0.345 -0.028
0.345 -0.114
0.344 -0.010
0.344 -0.009
0.343 -0.053
0.343 -0.074
0.342 -0.017
0.342 0.026
0.341 -0.092
0.341 -0.043
0.340 0.022
0.340 -0.083
0.339 -0.060
0.339 -0.076
0.338 -0.060
0.338 -0.118
0.337 -0.010
0.337 -0.096
0.336 -0.178
0.336 -0.171
0.335 -0.117
0.335 -0.028
0.334 -0.100
0.334 -0.104
0.333 -0.033
0.333 -0.094
0.332 -0.036
0.331 -0.047
0.331 -0.024
0.330 -0.106
0.330 -0.087
0.329 0.020
0.329 -0.052
0.328 -0.142
0.328 -0.141
0.327 -0.106
0.326 -0.147
0.326 -0.104
0.325 -0.016
0.325 0.012
0.324 -0.058
0.323 -0.137
0.323 -0.083
0.322 -0.146
0.322 -0.132
0.321 -0.024
0.320 -0.134
0.320 -0.186
0.319 -0.028
0.319 -0.146
0.318 -0.104
0.317 -0.138
0.317 -0.177
0.316 -0.249
0.315 -0.156
0.315 -0.208
0.314 -0.126
0.313 -0.106
0.313 -0.080
0.312 -0.334
0.311 -0.075
0.311 -0.276
0.310 -0.230
0.309 -0.230
0.309 -0.266
0.308 -0.364
0.307 -0.178
0.307 -0.161
0.306 -0.230
0.305 -0.230
0.304 -0.312
0.304 -0.262
0.303 -0.327
0.302 -0.334
0.301 -0.294
0.301 -0.570
0.300 -0.128
0.299 -0.240
0.298 -0.411
0.298 -0.398
0.297 -0.468
0.296 -0.639
0.295 -0.567
0.295 -0.571
0.294 -0.638
0.293 -0.776
0.292 -0.694
0.291 -0.778
0.291 -0.650
0.290 -0.734
0.289 -0.767
0.288 -0.756
0.287 -0.678
0.286 -0.772
0.285 -0.692
0.285 -0.830
0.284 -0.704
0.283 -0.816
0.282 -0.759
0.281 -0.820
0.280 -0.794
0.279 -0.817
0.278 -0.816
0.277 -0.803
0.277 -0.787
0.276 -0.808
0.275 -0.812
0.274 -0.829
0.273 -0.795
0.272 -0.819
0.271 -0.816
0.270 -0.831
0.269 -0.821
0.268 -0.830
0.267 -0.808
0.266 -0.832
0.265 -0.820
0.264 -0.831
0.263 -0.836
0.262 -0.838
0.261 -0.836
0.260 -0.849
0.259 -0.820
0.258 -0.850
0.257 -0.835
0.255 -0.851
0.254 -0.840
0.253 -0.852
0.252 -0.840
0.251 -0.848
0.250 -0.847
0.249 -0.849
0.248 -0.846
0.247 -0.850
0.245 -0.843
0.244 -0.852
0.243 -0.840
0.242 -0.851
0.241 -0.847
0.239 -0.851
0.238 -0.847
0.237 -0.852
0.236 -0.842
0.234 -0.851
0.233 -0.844
0.232 -0.849
0.231 -0.845
0.229 -0.851
0.228 -0.843
0.227 -0.854
0.225 -0.841
0.224 -0.850
0.223 -0.845
0.221 -0.848
0.220 -0.842
0.219 -0.851
0.217 -0.845
0.216 -0.843
0.214 -0.840
0.213 -0.852
0.212 -0.840
0.210 -0.850
0.209 -0.844
0.207 -0.852
0.206 -0.845
0.204 -0.854
0.203 -0.846
0.201 -0.850
0.200 -0.845
0.198 -0.856
0.196 -0.843
0.195 -0.854
0.193 -0.844
0.192 -0.854
0.190 -0.848
0.188 -0.853
0.187 -0.848
0.185 -0.847
0.184 -0.844
0.182 -0.856
0.180 -0.848
0.178 -0.854
0.177 -0.847
0.175 -0.856
0.173 -0.849
0.172 -0.856
0.170 -0.847
0.168 -0.855
0.166 -0.848
0.164 -0.856
0.163 -0.849
0.161 -0.857
0.159 -0.849
0.157 -0.857
0.155 -0.849
0.153 -0.857
0.151 -0.849
0.149 -0.857
0.147 -0.849
0.146 -0.857
0.144 -0.849
0.142 -0.857
0.140 -0.849
0.138 -0.856
0.136 -0.848
0.134 -0.857
0.132 -0.848
0.130 -0.857
0.128 -0.849
0.125 -0.857
0.123 -0.848
0.121 -0.857
0.119 -0.849
