0.500 -1.000
0.510 -1.000
0.520 -1.000
0.530 -1.000
0.540 -0.999
0.550 -0.999
0.560 -0.998
0.570 -0.998
0.580 -0.998
0.590 -0.999
0.600 -0.999
0.610 -0.998
0.620 -0.998
0.630 -0.997
0.640 -0.998
0.650 -0.998
0.660 -0.998
0.670 -0.997
0.680 -0.995
0.690 -0.996
0.700 -0.994
0.710 -0.995
0.720 -0.995
0.730 -0.996
0.740 -0.994
0.750 -0.992
0.760 -0.993
0.770 -0.994
0.780 -0.994
0.790 -0.990
0.800 -0.988
0.810 -0.986
0.820 -0.981
0.830 -0.982
0.840 -0.984
0.850 -0.986
0.860 -0.984
0.870 -0.985
0.880 -0.979
0.890 -0.979
0.900 -0.975
0.910 -0.974
0.920 -0.975
0.930 -0.971
0.940 -0.969
0.950 -0.975
0.960 -0.966
0.970 -0.967
0.980 -0.962
0.990 -0.960
1.000 -0.956
1.010 -0.961
1.020 -0.959
1.030 -0.954
1.040 -0.942
1.050 -0.932
1.060 -0.939
1.070 -0.930
1.080 -0.910
1.090 -0.913
1.100 -0.910
1.110 -0.894
1.120 -0.890
1.130 -0.888
1.140 -0.869
1.150 -0.818
1.160 -0.799
1.170 -0.738
1.180 -0.733
1.190 -0.763
1.200 -0.669
1.210 -0.694
1.220 -0.657
1.230 -0.627
1.240 -0.644
1.250 -0.470
1.260 -0.498
1.270 -0.436
1.280 -0.395
1.290 -0.098
1.300 -0.308
1.310 -0.357
1.320 -0.289
1.330 -0.235
1.340 -0.229
1.350 -0.213
1.360 -0.159
1.370 -0.082
1.380 -0.113
1.390 -0.169
1.400 -0.115
1.410 -0.106
1.420 -0.163
1.430 -0.164
1.440 -0.175
1.450 -0.131
1.460 -0.038
1.470 -0.060
1.480 -0.170
1.490 -0.037
1.500 -0.057
1.510 -0.024
1.520 -0.034
1.530 -0.064
1.540 -0.147
1.550 -0.058
1.560 -0.044
1.570 -0.018
1.580 -0.159
1.590 -0.122
1.600 -0.030
1.610 -0.060
1.620 -0.116
1.630 -0.122
1.640 -0.022
1.650 -0.048
1.660 -0.057
1.670 -0.047
1.680 -0.095
1.690 -0.102
1.700 -0.011
1.710 -0.083
1.720 -0.073
1.730 -0.070
1.740 -0.105
1.750 -0.027
1.760 -0.044
1.770 -0.022
1.780 -0.058
1.790 -0.066
1.800 -0.017
1.810 -0.084
1.820 -0.080
1.830 -0.015
1.840 -0.036
1.850 -0.080
1.860 -0.026
1.870 -0.035
1.880 -0.056
1.890 -0.060
1.900 -0.033
1.910 -0.007
1.920 -0.077
1.930 -0.056
1.940 -0.039
1.950 -0.014
1.960 -0.010
1.970 -0.017
1.980 -0.073
1.990 -0.020
2.000 -0.031
2.010 -0.028
2.020 -0.025
2.030 0.010
2.040 0.013
2.050 -0.039
2.060 -0.055
2.070 0.002
2.080 -0.060
2.090 -0.020
2.100 -0.066
2.110 -0.036
2.120 -0.002
2.130 -0.019
2.140 -0.042
2.150 -0.015
2.160 -0.031
2.170 -0.058
2.180 -0.062
2.190 -0.003
2.200 -0.030
2.210 -0.040
2.220 -0.029
2.230 -0.080
2.240 -0.060
2.250 -0.023
2.260 0.009
2.270 -0.011
2.280 -0.058
2.290 -0.023
2.300 -0.001
2.310 -0.017
2.320 -0.016
2.330 -0.026
2.340 -0.061
2.350 -0.030
2.360 -0.027
2.370 -0.027
2.380 -0.010
2.390 0.010
2.400 -0.030
2.410 0.018
2.420 0.016
2.430 -0.017
2.440 0.031
2.450 -0.001
2.460 -0.023
2.470 -0.061
2.480 -0.028
2.490 -0.006
